ARRIVAL_REQUEST_@TIME,SLICE_MEC_CPU_REQUEST,SLICE_MEC_RAM_REQUEST,SLICE_MEC_STORAGE_REQUEST,SLICE_MEC_BW_REQUEST,SLICE_RAN_R_REQUEST,SLICE_KILL_@TIME
0.019,2.0,4.0,10.0,10.0,5.0,11.019
0.022,2.0,4.0,10.0,8.0,15.0,16.022
0.031,4.0,8.0,32.0,20.0,45.0,8.031
0.038,2.0,4.0,8.0,5.0,10.0,5.038
0.053,2.0,16.0,20.0,25.0,35.0,2.053
0.062,4.0,8.0,16.0,25.0,28.0,9.062
0.09,2.0,4.0,10.0,10.0,5.0,12.09
0.121,2.0,4.0,8.0,5.0,10.0,4.121
0.143,4.0,8.0,25.0,15.0,40.0,2.143
0.166,2.0,4.0,10.0,10.0,5.0,6.166
0.204,4.0,4.0,16.0,20.0,25.0,10.204
0.212,4.0,12.0,64.0,30.0,50.0,14.212
0.227,2.0,4.0,8.0,5.0,10.0,2.227
0.271,4.0,8.0,16.0,25.0,28.0,8.271
0.291,4.0,12.0,64.0,30.0,50.0,8.291
0.328,2.0,4.0,8.0,5.0,10.0,1.328
0.369,4.0,8.0,25.0,15.0,40.0,5.369
0.392,4.0,8.0,16.0,25.0,28.0,9.392
0.398,4.0,8.0,16.0,25.0,28.0,14.398
0.434,2.0,4.0,10.0,8.0,15.0,17.434
0.435,2.0,4.0,10.0,10.0,5.0,14.435
0.458,4.0,8.0,16.0,25.0,28.0,14.458
0.514,4.0,12.0,64.0,30.0,50.0,6.514
0.582,4.0,8.0,25.0,15.0,40.0,3.582
0.628,4.0,8.0,20.0,14.0,30.0,3.628
0.689,2.0,4.0,8.0,5.0,10.0,5.689
0.742,2.0,4.0,10.0,10.0,5.0,10.742
0.764,2.0,4.0,8.0,5.0,10.0,3.764
0.771,4.0,4.0,16.0,20.0,25.0,6.771
0.828,4.0,8.0,32.0,20.0,45.0,6.828
0.859,2.0,4.0,10.0,8.0,15.0,7.859
0.875,2.0,4.0,10.0,10.0,5.0,7.875
0.893,2.0,4.0,8.0,5.0,10.0,4.893
0.917,2.0,4.0,8.0,5.0,10.0,4.917
0.919,2.0,4.0,10.0,8.0,15.0,13.919
0.941,4.0,16.0,64.0,30.0,54.0,5.941
0.99,4.0,16.0,64.0,30.0,54.0,11.99
0.999,4.0,8.0,20.0,14.0,30.0,6.999
0.999,4.0,8.0,25.0,15.0,40.0,1.999
1.08,2.0,4.0,10.0,8.0,15.0,12.08
1.092,2.0,4.0,8.0,5.0,10.0,1.092
1.123,2.0,4.0,10.0,10.0,5.0,11.123
1.136,2.0,4.0,8.0,5.0,10.0,5.136
1.155,2.0,4.0,8.0,5.0,10.0,5.155
1.165,4.0,8.0,25.0,15.0,40.0,2.165
1.184,4.0,8.0,20.0,14.0,30.0,6.184
1.247,1.0,2.0,5.0,2.0,8.0,10.247
1.265,4.0,8.0,32.0,20.0,45.0,12.265
1.378,1.0,2.0,5.0,2.0,8.0,14.378
1.434,2.0,4.0,8.0,5.0,10.0,4.434
1.435,4.0,16.0,64.0,30.0,54.0,6.435
1.541,1.0,2.0,5.0,2.0,8.0,8.541
1.653,2.0,16.0,20.0,25.0,35.0,3.653
1.679,4.0,16.0,64.0,30.0,54.0,7.679
1.69,4.0,8.0,16.0,25.0,28.0,12.69
1.736,2.0,16.0,20.0,25.0,35.0,4.736
1.737,4.0,8.0,32.0,20.0,45.0,9.737
1.774,1.0,2.0,5.0,2.0,8.0,11.774
1.787,4.0,8.0,32.0,20.0,45.0,6.787
1.806,4.0,16.0,64.0,30.0,54.0,9.806
1.853,4.0,8.0,25.0,15.0,40.0,2.853
1.858,2.0,4.0,10.0,10.0,5.0,17.858
1.864,2.0,4.0,8.0,5.0,10.0,3.864
1.898,4.0,16.0,64.0,30.0,54.0,6.898
1.908,4.0,8.0,16.0,25.0,28.0,13.908
1.93,4.0,8.0,25.0,15.0,40.0,4.93
1.935,2.0,4.0,8.0,5.0,10.0,4.935
2.086,4.0,8.0,16.0,25.0,28.0,9.086
2.088,2.0,4.0,10.0,8.0,15.0,15.088
2.091,4.0,8.0,20.0,14.0,30.0,5.091
2.112,2.0,16.0,20.0,25.0,35.0,11.112
2.162,2.0,4.0,10.0,8.0,15.0,13.162
2.235,4.0,12.0,64.0,30.0,50.0,15.235
2.265,4.0,8.0,20.0,14.0,30.0,7.265
2.268,4.0,8.0,16.0,25.0,28.0,13.268
2.302,4.0,8.0,25.0,15.0,40.0,7.302
2.306,2.0,4.0,10.0,8.0,15.0,9.306
2.341,4.0,8.0,20.0,14.0,30.0,5.341
2.364,4.0,8.0,20.0,14.0,30.0,4.364
2.364,4.0,16.0,64.0,30.0,54.0,10.364
2.37,2.0,4.0,8.0,5.0,10.0,5.37
2.374,4.0,8.0,25.0,15.0,40.0,8.374
2.393,2.0,4.0,8.0,5.0,10.0,6.393
2.408,2.0,4.0,10.0,10.0,5.0,11.408
2.415,2.0,4.0,10.0,10.0,5.0,11.415
2.491,2.0,4.0,10.0,8.0,15.0,8.491
2.533,4.0,8.0,20.0,14.0,30.0,6.533
2.596,2.0,4.0,10.0,10.0,5.0,9.596
2.604,4.0,8.0,20.0,14.0,30.0,6.604
2.608,1.0,2.0,5.0,2.0,8.0,7.608
2.666,2.0,16.0,20.0,25.0,35.0,4.666
2.697,4.0,12.0,64.0,30.0,50.0,6.697
2.734,4.0,12.0,64.0,30.0,50.0,9.734
2.752,2.0,16.0,20.0,25.0,35.0,6.752
2.765,2.0,4.0,8.0,5.0,10.0,3.765
2.782,2.0,16.0,20.0,25.0,35.0,7.782
2.819,2.0,4.0,8.0,5.0,10.0,6.819
2.821,2.0,4.0,10.0,10.0,5.0,9.821
2.839,4.0,8.0,25.0,15.0,40.0,3.839
2.842,2.0,4.0,8.0,5.0,10.0,7.842
2.937,2.0,4.0,10.0,10.0,5.0,21.937
2.975,1.0,2.0,5.0,2.0,8.0,7.975
3.011,4.0,8.0,32.0,20.0,45.0,9.011
3.011,2.0,4.0,8.0,5.0,10.0,6.011
3.022,4.0,8.0,25.0,15.0,40.0,8.022
3.029,4.0,8.0,25.0,15.0,40.0,4.029
3.036,4.0,16.0,64.0,30.0,54.0,12.036
3.05,4.0,8.0,25.0,15.0,40.0,10.05
3.151,4.0,16.0,64.0,30.0,54.0,11.151
3.153,4.0,12.0,64.0,30.0,50.0,13.153
3.16,2.0,4.0,8.0,5.0,10.0,10.16
3.172,4.0,8.0,25.0,15.0,40.0,6.172
3.187,4.0,8.0,25.0,15.0,40.0,8.187
3.254,2.0,4.0,10.0,8.0,15.0,15.254
3.282,2.0,4.0,10.0,8.0,15.0,11.282
3.293,4.0,12.0,64.0,30.0,50.0,10.293
3.298,1.0,2.0,5.0,2.0,8.0,14.298
3.34,4.0,12.0,64.0,30.0,50.0,13.34
3.345,4.0,8.0,25.0,15.0,40.0,5.345
3.413,4.0,8.0,16.0,25.0,28.0,12.413
3.43,2.0,16.0,20.0,25.0,35.0,5.43
3.453,4.0,12.0,64.0,30.0,50.0,15.453
3.463,2.0,4.0,10.0,8.0,15.0,19.463
3.478,2.0,4.0,8.0,5.0,10.0,5.478
3.48,4.0,8.0,16.0,25.0,28.0,13.48
3.493,1.0,2.0,5.0,2.0,8.0,9.493
3.493,2.0,16.0,20.0,25.0,35.0,8.493
3.516,2.0,4.0,10.0,8.0,15.0,7.516
3.642,4.0,8.0,20.0,14.0,30.0,9.642
3.672,4.0,8.0,20.0,14.0,30.0,10.672
3.728,4.0,12.0,64.0,30.0,50.0,18.728
3.749,2.0,4.0,8.0,5.0,10.0,8.749
3.788,2.0,4.0,10.0,8.0,15.0,12.788
3.793,4.0,8.0,25.0,15.0,40.0,5.793
3.801,4.0,8.0,25.0,15.0,40.0,5.801
3.87,4.0,4.0,16.0,20.0,25.0,12.87
3.872,4.0,8.0,25.0,15.0,40.0,4.872
3.893,4.0,8.0,20.0,14.0,30.0,5.893
3.902,4.0,12.0,64.0,30.0,50.0,16.902
3.908,4.0,8.0,25.0,15.0,40.0,5.908
3.912,4.0,8.0,25.0,15.0,40.0,6.912
4.005,2.0,4.0,10.0,8.0,15.0,14.005
4.009,4.0,12.0,64.0,30.0,50.0,13.009
4.012,2.0,4.0,8.0,5.0,10.0,9.012
4.018,2.0,16.0,20.0,25.0,35.0,11.018
4.084,2.0,4.0,10.0,8.0,15.0,13.084
4.11,4.0,8.0,32.0,20.0,45.0,14.11
4.138,2.0,4.0,8.0,5.0,10.0,5.138
4.146,4.0,16.0,64.0,30.0,54.0,12.146
4.17,2.0,4.0,10.0,10.0,5.0,13.17
4.181,4.0,4.0,16.0,20.0,25.0,11.181
4.19,1.0,2.0,5.0,2.0,8.0,11.19
4.24,2.0,4.0,10.0,10.0,5.0,16.24
4.291,2.0,4.0,8.0,5.0,10.0,9.291
4.3,2.0,4.0,10.0,8.0,15.0,10.3
4.331,4.0,8.0,32.0,20.0,45.0,12.331
4.336,4.0,12.0,64.0,30.0,50.0,12.336
4.338,4.0,16.0,64.0,30.0,54.0,14.338
4.343,2.0,4.0,10.0,10.0,5.0,15.343
4.359,4.0,8.0,32.0,20.0,45.0,9.359
4.395,4.0,8.0,16.0,25.0,28.0,12.395
4.423,2.0,4.0,10.0,8.0,15.0,13.423
4.438,1.0,2.0,5.0,2.0,8.0,19.438
4.445,4.0,8.0,16.0,25.0,28.0,16.445
4.577,2.0,4.0,10.0,10.0,5.0,18.577
4.6,4.0,16.0,64.0,30.0,54.0,11.6
4.621,2.0,4.0,10.0,8.0,15.0,15.621
4.624,2.0,4.0,8.0,5.0,10.0,6.624
4.7,4.0,8.0,25.0,15.0,40.0,11.7
4.743,2.0,4.0,10.0,8.0,15.0,13.743
4.768,2.0,4.0,10.0,8.0,15.0,10.768
4.774,2.0,16.0,20.0,25.0,35.0,11.774
4.85,4.0,16.0,64.0,30.0,54.0,9.85
4.859,4.0,4.0,16.0,20.0,25.0,17.859
4.862,4.0,8.0,25.0,15.0,40.0,9.862
4.892,4.0,8.0,32.0,20.0,45.0,6.892
4.929,4.0,8.0,16.0,25.0,28.0,10.929
4.942,4.0,8.0,25.0,15.0,40.0,6.942
4.95,2.0,4.0,10.0,10.0,5.0,8.95
4.975,4.0,8.0,16.0,25.0,28.0,12.975
5.029,4.0,8.0,16.0,25.0,28.0,18.029
5.085,4.0,12.0,64.0,30.0,50.0,14.085
5.138,4.0,8.0,20.0,14.0,30.0,10.138
5.154,2.0,16.0,20.0,25.0,35.0,13.154
5.176,4.0,8.0,25.0,15.0,40.0,7.176
5.283,4.0,8.0,20.0,14.0,30.0,9.283
5.303,4.0,4.0,16.0,20.0,25.0,13.303
5.304,4.0,4.0,16.0,20.0,25.0,17.304
5.379,4.0,8.0,16.0,25.0,28.0,14.379
5.405,2.0,4.0,10.0,10.0,5.0,12.405
5.431,4.0,16.0,64.0,30.0,54.0,11.431
5.445,2.0,4.0,10.0,10.0,5.0,17.445
5.519,4.0,12.0,64.0,30.0,50.0,15.519
5.545,4.0,8.0,25.0,15.0,40.0,7.545
5.562,2.0,4.0,8.0,5.0,10.0,9.562
5.663,4.0,8.0,25.0,15.0,40.0,7.663
5.68,4.0,8.0,25.0,15.0,40.0,8.68
5.703,2.0,4.0,10.0,10.0,5.0,19.703
5.709,4.0,8.0,32.0,20.0,45.0,16.709
5.739,2.0,4.0,10.0,8.0,15.0,12.739
5.74,2.0,4.0,8.0,5.0,10.0,7.74
5.798,4.0,12.0,64.0,30.0,50.0,10.798
5.825,2.0,4.0,8.0,5.0,10.0,10.825
5.884,4.0,12.0,64.0,30.0,50.0,12.884
6.094,2.0,4.0,10.0,8.0,15.0,16.094
6.184,4.0,8.0,25.0,15.0,40.0,10.184
6.234,1.0,2.0,5.0,2.0,8.0,14.234
6.254,2.0,16.0,20.0,25.0,35.0,14.254
6.276,1.0,2.0,5.0,2.0,8.0,13.276
6.31,4.0,8.0,20.0,14.0,30.0,13.31
6.319,4.0,8.0,25.0,15.0,40.0,8.319
6.322,4.0,8.0,20.0,14.0,30.0,11.322
6.373,1.0,2.0,5.0,2.0,8.0,20.373
6.379,4.0,12.0,64.0,30.0,50.0,20.379
6.386,4.0,8.0,20.0,14.0,30.0,9.386
6.39,1.0,2.0,5.0,2.0,8.0,17.39
6.416,4.0,8.0,32.0,20.0,45.0,12.416
6.45,2.0,4.0,8.0,5.0,10.0,11.45
6.463,1.0,2.0,5.0,2.0,8.0,10.463
6.464,2.0,4.0,8.0,5.0,10.0,9.464
6.478,2.0,4.0,10.0,8.0,15.0,13.478
6.5,2.0,4.0,10.0,8.0,15.0,15.5
6.502,2.0,4.0,10.0,8.0,15.0,19.502
6.558,4.0,8.0,32.0,20.0,45.0,15.558
6.576,2.0,4.0,10.0,8.0,15.0,20.576
6.685,2.0,4.0,10.0,10.0,5.0,15.685
6.709,4.0,12.0,64.0,30.0,50.0,17.709
6.723,4.0,12.0,64.0,30.0,50.0,20.723
6.762,2.0,4.0,10.0,8.0,15.0,20.762
6.762,1.0,2.0,5.0,2.0,8.0,16.762
6.784,2.0,16.0,20.0,25.0,35.0,9.784
6.795,2.0,4.0,10.0,8.0,15.0,14.795
6.823,2.0,4.0,8.0,5.0,10.0,9.823
6.849,4.0,8.0,16.0,25.0,28.0,13.849
6.874,4.0,8.0,16.0,25.0,28.0,18.874
6.878,4.0,16.0,64.0,30.0,54.0,12.878
6.914,4.0,4.0,16.0,20.0,25.0,12.914
6.917,2.0,4.0,8.0,5.0,10.0,8.917
6.923,4.0,16.0,64.0,30.0,54.0,13.923
6.969,4.0,8.0,20.0,14.0,30.0,7.969
7.004,2.0,4.0,10.0,8.0,15.0,18.004
7.028,2.0,4.0,10.0,10.0,5.0,18.028
7.05,4.0,8.0,25.0,15.0,40.0,9.05
7.089,2.0,4.0,10.0,8.0,15.0,23.089
7.097,4.0,8.0,20.0,14.0,30.0,10.097
7.198,4.0,8.0,25.0,15.0,40.0,9.198
7.232,4.0,8.0,20.0,14.0,30.0,10.232
7.244,2.0,4.0,10.0,10.0,5.0,23.244
7.267,4.0,8.0,25.0,15.0,40.0,8.267
7.306,4.0,8.0,32.0,20.0,45.0,18.306
7.307,4.0,8.0,25.0,15.0,40.0,8.307
7.315,4.0,8.0,16.0,25.0,28.0,14.315
7.363,2.0,4.0,10.0,8.0,15.0,10.363
7.392,2.0,4.0,8.0,5.0,10.0,9.392
7.447,1.0,2.0,5.0,2.0,8.0,14.447
7.455,1.0,2.0,5.0,2.0,8.0,18.455
7.518,4.0,16.0,64.0,30.0,54.0,18.518
7.519,2.0,16.0,20.0,25.0,35.0,14.519
7.54,2.0,4.0,10.0,8.0,15.0,26.54
7.544,4.0,8.0,25.0,15.0,40.0,9.544
7.547,4.0,16.0,64.0,30.0,54.0,13.547
7.553,1.0,2.0,5.0,2.0,8.0,15.553
7.591,4.0,4.0,16.0,20.0,25.0,9.591
7.615,2.0,4.0,8.0,5.0,10.0,8.615
7.675,4.0,8.0,20.0,14.0,30.0,10.675
7.677,4.0,8.0,16.0,25.0,28.0,19.677
7.685,4.0,8.0,25.0,15.0,40.0,10.685
7.798,4.0,8.0,32.0,20.0,45.0,18.798
7.876,2.0,4.0,10.0,8.0,15.0,14.876
7.956,4.0,8.0,16.0,25.0,28.0,13.956
7.976,2.0,16.0,20.0,25.0,35.0,13.976
7.98,4.0,8.0,25.0,15.0,40.0,8.98
8.014,4.0,8.0,32.0,20.0,45.0,19.014
8.063,2.0,4.0,10.0,8.0,15.0,19.063
8.152,2.0,4.0,10.0,10.0,5.0,13.152
8.178,1.0,2.0,5.0,2.0,8.0,18.178
8.218,4.0,8.0,16.0,25.0,28.0,18.218
8.264,2.0,4.0,10.0,10.0,5.0,22.264
8.266,1.0,2.0,5.0,2.0,8.0,20.266
8.312,2.0,4.0,8.0,5.0,10.0,12.312
8.361,1.0,2.0,5.0,2.0,8.0,15.361
8.368,4.0,12.0,64.0,30.0,50.0,24.368
8.384,4.0,8.0,20.0,14.0,30.0,16.384
8.391,2.0,4.0,10.0,8.0,15.0,21.391
8.416,2.0,16.0,20.0,25.0,35.0,14.416
8.423,4.0,8.0,20.0,14.0,30.0,17.423
8.44,4.0,16.0,64.0,30.0,54.0,22.44
8.47,2.0,4.0,8.0,5.0,10.0,13.47
8.481,4.0,8.0,25.0,15.0,40.0,9.481
8.56,4.0,12.0,64.0,30.0,50.0,15.56
8.621,4.0,12.0,64.0,30.0,50.0,17.621
8.66,4.0,8.0,20.0,14.0,30.0,15.66
8.692,2.0,4.0,10.0,8.0,15.0,13.692
8.715,2.0,4.0,8.0,5.0,10.0,11.715
8.733,2.0,16.0,20.0,25.0,35.0,13.733
8.75,4.0,12.0,64.0,30.0,50.0,20.75
8.757,4.0,16.0,64.0,30.0,54.0,14.757
8.789,2.0,16.0,20.0,25.0,35.0,13.789
8.815,2.0,16.0,20.0,25.0,35.0,11.815
8.82,4.0,8.0,20.0,14.0,30.0,14.82
8.855,4.0,8.0,16.0,25.0,28.0,18.855
8.869,2.0,4.0,8.0,5.0,10.0,11.869
8.896,2.0,16.0,20.0,25.0,35.0,11.896
8.909,2.0,4.0,8.0,5.0,10.0,12.909
8.923,2.0,4.0,10.0,8.0,15.0,17.923
8.923,2.0,4.0,10.0,8.0,15.0,19.923
8.935,4.0,8.0,32.0,20.0,45.0,17.935
8.966,4.0,8.0,16.0,25.0,28.0,17.966
8.994,4.0,8.0,32.0,20.0,45.0,16.994
9.014,2.0,4.0,10.0,8.0,15.0,24.014
9.056,4.0,12.0,64.0,30.0,50.0,19.056
9.057,4.0,16.0,64.0,30.0,54.0,22.057
9.062,1.0,2.0,5.0,2.0,8.0,19.062
9.068,4.0,16.0,64.0,30.0,54.0,16.068
9.101,2.0,4.0,8.0,5.0,10.0,13.101
9.133,1.0,2.0,5.0,2.0,8.0,18.133
9.138,2.0,16.0,20.0,25.0,35.0,14.138
9.179,4.0,8.0,16.0,25.0,28.0,22.179
9.186,4.0,8.0,20.0,14.0,30.0,15.186
9.211,2.0,16.0,20.0,25.0,35.0,17.211
9.235,4.0,12.0,64.0,30.0,50.0,14.235
9.298,2.0,4.0,10.0,8.0,15.0,29.298
9.358,2.0,16.0,20.0,25.0,35.0,16.358
9.381,4.0,8.0,25.0,15.0,40.0,9.381
9.404,1.0,2.0,5.0,2.0,8.0,14.404
9.44,2.0,4.0,8.0,5.0,10.0,13.44
9.575,2.0,4.0,8.0,5.0,10.0,11.575
9.578,2.0,4.0,10.0,10.0,5.0,15.578
9.58,2.0,4.0,8.0,5.0,10.0,12.58
9.586,4.0,4.0,16.0,20.0,25.0,18.586
9.588,2.0,4.0,10.0,8.0,15.0,19.588
9.642,4.0,12.0,64.0,30.0,50.0,16.642
9.644,2.0,4.0,8.0,5.0,10.0,13.644
9.663,4.0,8.0,20.0,14.0,30.0,15.663
9.677,4.0,8.0,25.0,15.0,40.0,12.677
9.717,4.0,4.0,16.0,20.0,25.0,21.717
9.724,2.0,4.0,8.0,5.0,10.0,12.724
9.748,4.0,4.0,16.0,20.0,25.0,19.748
9.774,4.0,8.0,20.0,14.0,30.0,18.774
9.798,4.0,8.0,25.0,15.0,40.0,11.798
9.819,4.0,8.0,16.0,25.0,28.0,22.819
9.843,1.0,2.0,5.0,2.0,8.0,16.843
9.869,4.0,8.0,25.0,15.0,40.0,15.869
9.907,4.0,8.0,25.0,15.0,40.0,10.907
9.919,2.0,16.0,20.0,25.0,35.0,15.919
9.94,2.0,16.0,20.0,25.0,35.0,15.94
9.959,2.0,4.0,10.0,10.0,5.0,16.959
9.987,2.0,4.0,10.0,10.0,5.0,18.987
10.02,1.0,2.0,5.0,2.0,8.0,21.02
10.083,2.0,4.0,10.0,10.0,5.0,16.083
10.091,2.0,4.0,10.0,10.0,5.0,17.091
10.148,4.0,8.0,25.0,15.0,40.0,14.148
10.151,4.0,8.0,20.0,14.0,30.0,14.151
10.165,2.0,4.0,10.0,8.0,15.0,21.165
10.238,4.0,8.0,16.0,25.0,28.0,22.238
10.253,4.0,8.0,16.0,25.0,28.0,20.253
10.264,4.0,12.0,64.0,30.0,50.0,20.264
10.31,2.0,16.0,20.0,25.0,35.0,13.31
10.323,4.0,8.0,20.0,14.0,30.0,15.323
10.336,4.0,8.0,20.0,14.0,30.0,15.336
10.363,1.0,2.0,5.0,2.0,8.0,21.363
10.374,2.0,4.0,10.0,8.0,15.0,16.374
10.374,4.0,8.0,25.0,15.0,40.0,17.374
10.384,2.0,4.0,8.0,5.0,10.0,13.384
10.416,1.0,2.0,5.0,2.0,8.0,22.416
10.536,4.0,8.0,16.0,25.0,28.0,17.536
10.544,2.0,4.0,8.0,5.0,10.0,13.544
10.588,4.0,4.0,16.0,20.0,25.0,18.588
10.654,4.0,4.0,16.0,20.0,25.0,16.654
10.713,4.0,4.0,16.0,20.0,25.0,15.713
10.75,2.0,4.0,10.0,8.0,15.0,17.75
10.791,2.0,4.0,8.0,5.0,10.0,12.791
10.793,4.0,8.0,20.0,14.0,30.0,15.793
10.809,4.0,16.0,64.0,30.0,54.0,18.809
10.843,4.0,16.0,64.0,30.0,54.0,16.843
10.844,2.0,16.0,20.0,25.0,35.0,16.844
10.868,2.0,4.0,10.0,8.0,15.0,22.868
10.932,4.0,8.0,25.0,15.0,40.0,10.932
11.046,4.0,4.0,16.0,20.0,25.0,19.046
11.099,4.0,12.0,64.0,30.0,50.0,18.099
11.102,2.0,16.0,20.0,25.0,35.0,17.102
11.159,2.0,4.0,10.0,8.0,15.0,27.159
11.191,1.0,2.0,5.0,2.0,8.0,22.191
11.209,4.0,12.0,64.0,30.0,50.0,22.209
11.209,2.0,4.0,10.0,10.0,5.0,21.209
11.222,1.0,2.0,5.0,2.0,8.0,24.222
11.235,4.0,12.0,64.0,30.0,50.0,20.235
11.256,4.0,8.0,25.0,15.0,40.0,16.256
11.261,4.0,8.0,25.0,15.0,40.0,11.261
11.268,2.0,4.0,8.0,5.0,10.0,14.268
11.321,4.0,16.0,64.0,30.0,54.0,16.321
11.323,2.0,4.0,8.0,5.0,10.0,15.323
11.328,1.0,2.0,5.0,2.0,8.0,14.328
11.375,4.0,8.0,20.0,14.0,30.0,14.375
11.377,2.0,4.0,10.0,10.0,5.0,25.377
11.382,4.0,8.0,25.0,15.0,40.0,14.382
11.457,4.0,8.0,32.0,20.0,45.0,22.457
11.495,2.0,4.0,10.0,10.0,5.0,20.495
11.501,2.0,4.0,10.0,8.0,15.0,18.501
11.53,2.0,4.0,10.0,8.0,15.0,20.53
11.549,4.0,8.0,20.0,14.0,30.0,13.549
11.653,2.0,4.0,10.0,10.0,5.0,20.653
11.664,4.0,8.0,20.0,14.0,30.0,19.664
11.683,4.0,8.0,25.0,15.0,40.0,12.683
11.756,4.0,16.0,64.0,30.0,54.0,15.756
11.786,2.0,16.0,20.0,25.0,35.0,19.786
11.794,4.0,8.0,25.0,15.0,40.0,14.794
11.809,4.0,8.0,32.0,20.0,45.0,18.809
11.809,4.0,16.0,64.0,30.0,54.0,21.809
11.821,4.0,8.0,25.0,15.0,40.0,14.821
11.849,2.0,4.0,8.0,5.0,10.0,17.849
11.857,2.0,4.0,8.0,5.0,10.0,12.857
11.967,2.0,4.0,8.0,5.0,10.0,12.967
11.977,2.0,4.0,10.0,8.0,15.0,22.977
11.993,4.0,8.0,32.0,20.0,45.0,17.993
12.029,4.0,8.0,20.0,14.0,30.0,15.029
12.05,2.0,16.0,20.0,25.0,35.0,22.05
12.098,2.0,4.0,10.0,8.0,15.0,21.098
12.11,2.0,4.0,8.0,5.0,10.0,20.11
12.159,2.0,4.0,10.0,10.0,5.0,17.159
12.224,2.0,4.0,8.0,5.0,10.0,18.224
12.228,2.0,16.0,20.0,25.0,35.0,18.228
12.285,2.0,4.0,10.0,10.0,5.0,24.285
12.378,4.0,8.0,32.0,20.0,45.0,19.378
12.482,4.0,8.0,32.0,20.0,45.0,17.482
12.5,1.0,2.0,5.0,2.0,8.0,24.5
12.504,1.0,2.0,5.0,2.0,8.0,18.504
12.531,4.0,8.0,16.0,25.0,28.0,22.531
12.534,2.0,4.0,8.0,5.0,10.0,17.534
12.561,2.0,4.0,10.0,8.0,15.0,23.561
12.591,2.0,4.0,8.0,5.0,10.0,13.591
12.598,4.0,8.0,20.0,14.0,30.0,18.598
12.615,4.0,8.0,25.0,15.0,40.0,15.615
12.648,4.0,8.0,16.0,25.0,28.0,22.648
12.667,4.0,8.0,32.0,20.0,45.0,17.667
12.731,4.0,4.0,16.0,20.0,25.0,26.731
12.739,4.0,8.0,25.0,15.0,40.0,14.739
12.765,4.0,8.0,16.0,25.0,28.0,25.765
12.87,2.0,4.0,10.0,10.0,5.0,25.87
12.969,1.0,2.0,5.0,2.0,8.0,24.969
12.986,4.0,16.0,64.0,30.0,54.0,21.986
13.052,4.0,12.0,64.0,30.0,50.0,23.052
13.077,4.0,4.0,16.0,20.0,25.0,25.077
13.098,4.0,4.0,16.0,20.0,25.0,26.098
13.102,4.0,16.0,64.0,30.0,54.0,20.102
13.121,4.0,12.0,64.0,30.0,50.0,21.121
13.134,4.0,4.0,16.0,20.0,25.0,25.134
13.204,4.0,4.0,16.0,20.0,25.0,21.204
13.248,1.0,2.0,5.0,2.0,8.0,22.248
13.3,2.0,4.0,8.0,5.0,10.0,17.3
13.308,1.0,2.0,5.0,2.0,8.0,21.308
13.33,4.0,8.0,20.0,14.0,30.0,19.33
13.371,2.0,4.0,8.0,5.0,10.0,15.371
13.417,4.0,8.0,25.0,15.0,40.0,15.417
13.44,4.0,16.0,64.0,30.0,54.0,19.44
13.519,4.0,8.0,16.0,25.0,28.0,23.519
13.527,4.0,8.0,20.0,14.0,30.0,18.527
13.541,2.0,4.0,10.0,8.0,15.0,26.541
13.559,2.0,16.0,20.0,25.0,35.0,18.559
13.559,4.0,4.0,16.0,20.0,25.0,21.559
13.562,4.0,8.0,25.0,15.0,40.0,18.562
13.568,2.0,4.0,8.0,5.0,10.0,15.568
13.616,4.0,16.0,64.0,30.0,54.0,20.616
13.649,4.0,8.0,25.0,15.0,40.0,13.649
13.681,4.0,4.0,16.0,20.0,25.0,21.681
13.747,4.0,8.0,25.0,15.0,40.0,16.747
13.881,4.0,12.0,64.0,30.0,50.0,26.881
13.939,4.0,8.0,20.0,14.0,30.0,16.939
13.954,2.0,4.0,10.0,10.0,5.0,23.954
13.986,2.0,4.0,10.0,8.0,15.0,30.986
14.006,4.0,8.0,20.0,14.0,30.0,21.006
14.143,2.0,4.0,8.0,5.0,10.0,17.143
14.23,2.0,16.0,20.0,25.0,35.0,17.23
14.278,2.0,4.0,8.0,5.0,10.0,16.278
14.288,2.0,4.0,8.0,5.0,10.0,17.288
14.292,4.0,8.0,20.0,14.0,30.0,19.292
14.379,4.0,8.0,20.0,14.0,30.0,17.379
14.381,2.0,4.0,8.0,5.0,10.0,17.381
14.399,4.0,8.0,20.0,14.0,30.0,20.399
14.422,2.0,4.0,8.0,5.0,10.0,18.422
14.455,2.0,4.0,8.0,5.0,10.0,14.455
14.457,4.0,8.0,20.0,14.0,30.0,17.457
14.463,2.0,4.0,10.0,8.0,15.0,27.463
14.532,4.0,8.0,32.0,20.0,45.0,22.532
14.582,2.0,4.0,10.0,10.0,5.0,22.582
14.595,2.0,4.0,8.0,5.0,10.0,15.595
14.623,4.0,16.0,64.0,30.0,54.0,19.623
14.634,4.0,16.0,64.0,30.0,54.0,22.634
14.731,4.0,8.0,16.0,25.0,28.0,32.731
14.759,2.0,4.0,8.0,5.0,10.0,18.759
14.788,1.0,2.0,5.0,2.0,8.0,23.788
14.798,2.0,16.0,20.0,25.0,35.0,22.798
14.8,4.0,16.0,64.0,30.0,54.0,19.8
14.829,1.0,2.0,5.0,2.0,8.0,25.829
14.84,4.0,8.0,25.0,15.0,40.0,20.84
14.864,2.0,4.0,8.0,5.0,10.0,17.864
14.894,4.0,8.0,25.0,15.0,40.0,16.894
14.909,2.0,4.0,8.0,5.0,10.0,17.909
15.052,2.0,4.0,8.0,5.0,10.0,18.052
15.076,2.0,4.0,10.0,8.0,15.0,26.076
15.151,2.0,4.0,10.0,8.0,15.0,25.151
15.155,1.0,2.0,5.0,2.0,8.0,24.155
15.166,4.0,8.0,16.0,25.0,28.0,25.166
15.17,4.0,16.0,64.0,30.0,54.0,23.17
15.189,2.0,4.0,8.0,5.0,10.0,16.189
15.245,2.0,4.0,10.0,10.0,5.0,23.245
15.279,4.0,16.0,64.0,30.0,54.0,19.279
15.308,2.0,4.0,10.0,8.0,15.0,26.308
15.342,4.0,8.0,25.0,15.0,40.0,17.342
15.362,4.0,8.0,32.0,20.0,45.0,23.362
15.37,2.0,4.0,8.0,5.0,10.0,22.37
15.386,2.0,16.0,20.0,25.0,35.0,20.386
15.387,2.0,4.0,8.0,5.0,10.0,19.387
15.422,4.0,8.0,16.0,25.0,28.0,24.422
15.436,2.0,16.0,20.0,25.0,35.0,20.436
15.462,4.0,8.0,32.0,20.0,45.0,23.462
15.476,2.0,4.0,10.0,8.0,15.0,25.476
15.546,4.0,12.0,64.0,30.0,50.0,24.546
15.562,2.0,16.0,20.0,25.0,35.0,18.562
15.566,4.0,8.0,25.0,15.0,40.0,20.566
15.586,2.0,4.0,10.0,10.0,5.0,26.586
15.59,2.0,4.0,8.0,5.0,10.0,16.59
15.698,4.0,8.0,20.0,14.0,30.0,18.698
15.732,4.0,8.0,20.0,14.0,30.0,17.732
15.768,2.0,4.0,10.0,8.0,15.0,24.768
15.781,4.0,4.0,16.0,20.0,25.0,26.781
15.819,1.0,2.0,5.0,2.0,8.0,24.819
15.888,4.0,8.0,20.0,14.0,30.0,19.888
15.895,2.0,4.0,8.0,5.0,10.0,17.895
15.922,4.0,8.0,25.0,15.0,40.0,19.922
15.967,1.0,2.0,5.0,2.0,8.0,21.967
16.065,2.0,16.0,20.0,25.0,35.0,21.065
16.098,2.0,4.0,10.0,8.0,15.0,26.098
16.234,4.0,8.0,20.0,14.0,30.0,21.234
16.306,2.0,4.0,10.0,8.0,15.0,27.306
16.332,4.0,4.0,16.0,20.0,25.0,22.332
16.354,1.0,2.0,5.0,2.0,8.0,27.354
16.36,2.0,16.0,20.0,25.0,35.0,19.36
16.365,4.0,8.0,25.0,15.0,40.0,19.365
16.373,2.0,4.0,10.0,10.0,5.0,27.373
16.385,4.0,12.0,64.0,30.0,50.0,25.385
16.414,4.0,16.0,64.0,30.0,54.0,23.414
16.422,2.0,16.0,20.0,25.0,35.0,21.422
16.436,4.0,8.0,25.0,15.0,40.0,17.436
16.445,4.0,8.0,25.0,15.0,40.0,23.445
16.547,2.0,4.0,10.0,10.0,5.0,32.547
16.56,4.0,12.0,64.0,30.0,50.0,22.56
16.567,2.0,4.0,10.0,10.0,5.0,25.567
16.596,4.0,8.0,25.0,15.0,40.0,21.596
16.63,4.0,8.0,16.0,25.0,28.0,31.63
16.655,2.0,4.0,8.0,5.0,10.0,19.655
16.663,2.0,4.0,8.0,5.0,10.0,19.663
16.664,4.0,8.0,20.0,14.0,30.0,19.664
16.679,4.0,4.0,16.0,20.0,25.0,30.679
16.685,4.0,8.0,16.0,25.0,28.0,35.685
16.84,4.0,8.0,32.0,20.0,45.0,22.84
16.874,1.0,2.0,5.0,2.0,8.0,29.874
16.912,2.0,4.0,10.0,10.0,5.0,25.912
16.912,4.0,8.0,25.0,15.0,40.0,20.912
16.923,4.0,8.0,20.0,14.0,30.0,18.923
16.925,4.0,8.0,25.0,15.0,40.0,17.925
16.956,4.0,8.0,32.0,20.0,45.0,21.956
16.957,2.0,4.0,10.0,10.0,5.0,24.957
16.997,4.0,8.0,25.0,15.0,40.0,20.997
17.011,2.0,16.0,20.0,25.0,35.0,24.011
17.017,2.0,4.0,10.0,8.0,15.0,25.017
17.063,1.0,2.0,5.0,2.0,8.0,25.063
17.075,2.0,4.0,10.0,10.0,5.0,23.075
17.118,2.0,4.0,8.0,5.0,10.0,19.118
17.168,4.0,4.0,16.0,20.0,25.0,28.168
17.177,2.0,4.0,10.0,8.0,15.0,29.177
17.187,2.0,4.0,10.0,8.0,15.0,28.187
17.221,4.0,8.0,25.0,15.0,40.0,21.221
17.24,4.0,4.0,16.0,20.0,25.0,26.24
17.268,4.0,8.0,32.0,20.0,45.0,25.268
17.384,2.0,4.0,10.0,10.0,5.0,25.384
17.504,4.0,16.0,64.0,30.0,54.0,28.504
17.52,2.0,4.0,8.0,5.0,10.0,21.52
17.544,4.0,8.0,20.0,14.0,30.0,28.544
17.575,2.0,4.0,10.0,8.0,15.0,22.575
17.579,4.0,16.0,64.0,30.0,54.0,31.579
17.584,4.0,8.0,32.0,20.0,45.0,24.584
17.596,2.0,4.0,8.0,5.0,10.0,18.596
17.613,4.0,8.0,16.0,25.0,28.0,25.613
17.619,2.0,4.0,10.0,10.0,5.0,33.619
17.663,2.0,4.0,10.0,10.0,5.0,32.663
17.698,4.0,16.0,64.0,30.0,54.0,24.698
17.708,4.0,8.0,20.0,14.0,30.0,19.708
17.736,2.0,4.0,10.0,8.0,15.0,28.736
17.774,4.0,8.0,20.0,14.0,30.0,25.774
17.838,4.0,8.0,25.0,15.0,40.0,19.838
17.854,4.0,8.0,32.0,20.0,45.0,25.854
17.858,2.0,4.0,8.0,5.0,10.0,20.858
17.863,4.0,8.0,25.0,15.0,40.0,17.863
17.926,2.0,16.0,20.0,25.0,35.0,19.926
17.93,4.0,4.0,16.0,20.0,25.0,22.93
17.943,4.0,8.0,16.0,25.0,28.0,27.943
17.945,4.0,8.0,32.0,20.0,45.0,26.945
17.952,4.0,4.0,16.0,20.0,25.0,23.952
17.968,2.0,4.0,10.0,10.0,5.0,25.968
17.997,4.0,8.0,32.0,20.0,45.0,28.997
18.003,2.0,16.0,20.0,25.0,35.0,23.003
18.03,4.0,4.0,16.0,20.0,25.0,29.03
18.065,2.0,4.0,10.0,8.0,15.0,31.065
18.113,2.0,16.0,20.0,25.0,35.0,26.113
18.168,4.0,12.0,64.0,30.0,50.0,25.168
18.218,4.0,8.0,20.0,14.0,30.0,19.218
18.258,4.0,8.0,20.0,14.0,30.0,24.258
18.285,2.0,4.0,10.0,10.0,5.0,23.285
18.295,4.0,8.0,32.0,20.0,45.0,21.295
18.358,4.0,12.0,64.0,30.0,50.0,23.358
18.371,1.0,2.0,5.0,2.0,8.0,26.371
18.384,4.0,12.0,64.0,30.0,50.0,24.384
18.453,1.0,2.0,5.0,2.0,8.0,29.453
18.503,2.0,4.0,10.0,10.0,5.0,31.503
18.522,2.0,4.0,8.0,5.0,10.0,21.522
18.53,4.0,12.0,64.0,30.0,50.0,31.53
18.593,1.0,2.0,5.0,2.0,8.0,32.593
18.599,2.0,4.0,10.0,10.0,5.0,28.599
18.614,2.0,4.0,10.0,8.0,15.0,31.614
18.648,4.0,8.0,25.0,15.0,40.0,18.648
18.654,2.0,16.0,20.0,25.0,35.0,22.654
18.655,4.0,8.0,16.0,25.0,28.0,23.655
18.671,4.0,8.0,32.0,20.0,45.0,30.671
18.692,4.0,8.0,20.0,14.0,30.0,24.692
18.694,4.0,12.0,64.0,30.0,50.0,29.694
18.763,4.0,12.0,64.0,30.0,50.0,30.763
18.818,4.0,8.0,16.0,25.0,28.0,28.818
18.852,4.0,16.0,64.0,30.0,54.0,31.852
18.862,4.0,8.0,20.0,14.0,30.0,24.862
18.893,4.0,8.0,25.0,15.0,40.0,22.893
18.895,2.0,4.0,8.0,5.0,10.0,22.895
18.952,4.0,8.0,25.0,15.0,40.0,20.952
18.99,4.0,8.0,32.0,20.0,45.0,27.99
19.006,2.0,4.0,10.0,8.0,15.0,29.006
19.013,4.0,8.0,16.0,25.0,28.0,27.013
19.034,4.0,8.0,32.0,20.0,45.0,24.034
19.037,4.0,8.0,20.0,14.0,30.0,23.037
19.054,2.0,4.0,8.0,5.0,10.0,21.054
19.087,2.0,4.0,10.0,10.0,5.0,30.087
19.114,4.0,8.0,20.0,14.0,30.0,23.114
19.22,1.0,2.0,5.0,2.0,8.0,24.22
19.234,4.0,8.0,25.0,15.0,40.0,21.234
19.245,2.0,4.0,8.0,5.0,10.0,23.245
19.323,4.0,8.0,32.0,20.0,45.0,25.323
19.326,4.0,12.0,64.0,30.0,50.0,27.326
19.342,1.0,2.0,5.0,2.0,8.0,29.342
19.375,4.0,8.0,16.0,25.0,28.0,28.375
19.425,2.0,4.0,10.0,8.0,15.0,29.425
19.455,2.0,4.0,8.0,5.0,10.0,22.455
19.556,4.0,8.0,25.0,15.0,40.0,26.556
19.557,2.0,4.0,10.0,10.0,5.0,30.557
19.606,4.0,8.0,32.0,20.0,45.0,25.606
19.723,2.0,4.0,10.0,8.0,15.0,31.723
19.848,2.0,4.0,10.0,8.0,15.0,31.848
19.877,4.0,8.0,25.0,15.0,40.0,22.877
19.914,2.0,16.0,20.0,25.0,35.0,19.914
19.942,4.0,8.0,32.0,20.0,45.0,29.942
19.964,2.0,4.0,10.0,10.0,5.0,27.964
19.978,2.0,4.0,10.0,8.0,15.0,26.978
19.981,4.0,8.0,32.0,20.0,45.0,29.981
20.073,2.0,16.0,20.0,25.0,35.0,22.073
20.127,4.0,8.0,20.0,14.0,30.0,27.127
20.13,4.0,8.0,20.0,14.0,30.0,29.13
20.152,2.0,4.0,10.0,10.0,5.0,32.152
20.152,4.0,16.0,64.0,30.0,54.0,24.152
20.178,4.0,16.0,64.0,30.0,54.0,26.178
20.198,4.0,8.0,20.0,14.0,30.0,24.198
20.21,2.0,4.0,10.0,10.0,5.0,25.21
20.211,4.0,8.0,25.0,15.0,40.0,23.211
20.23,4.0,8.0,32.0,20.0,45.0,29.23
20.286,4.0,8.0,20.0,14.0,30.0,28.286
20.314,4.0,8.0,20.0,14.0,30.0,23.314
20.348,4.0,8.0,16.0,25.0,28.0,28.348
20.385,2.0,4.0,10.0,10.0,5.0,33.385
20.402,2.0,4.0,10.0,10.0,5.0,26.402
20.466,4.0,8.0,20.0,14.0,30.0,26.466
20.473,2.0,4.0,10.0,8.0,15.0,23.473
20.475,4.0,8.0,32.0,20.0,45.0,32.475
20.488,4.0,8.0,25.0,15.0,40.0,23.488
20.518,2.0,16.0,20.0,25.0,35.0,29.518
20.52,2.0,4.0,8.0,5.0,10.0,22.52
20.572,2.0,4.0,10.0,10.0,5.0,31.572
20.609,4.0,8.0,16.0,25.0,28.0,31.609
20.636,4.0,12.0,64.0,30.0,50.0,33.636
20.65,2.0,4.0,10.0,8.0,15.0,33.65
20.676,4.0,12.0,64.0,30.0,50.0,31.676
20.724,4.0,16.0,64.0,30.0,54.0,36.724
20.745,4.0,12.0,64.0,30.0,50.0,28.745
20.753,4.0,8.0,16.0,25.0,28.0,22.753
20.759,4.0,8.0,16.0,25.0,28.0,30.759
20.774,2.0,16.0,20.0,25.0,35.0,20.774
20.777,2.0,4.0,8.0,5.0,10.0,23.777
20.782,4.0,8.0,16.0,25.0,28.0,30.782
20.821,2.0,4.0,10.0,8.0,15.0,33.821
20.901,2.0,4.0,8.0,5.0,10.0,21.901
20.962,4.0,16.0,64.0,30.0,54.0,31.962
21.051,4.0,4.0,16.0,20.0,25.0,27.051
21.071,2.0,16.0,20.0,25.0,35.0,33.071
21.093,2.0,4.0,10.0,10.0,5.0,33.093
21.102,4.0,8.0,20.0,14.0,30.0,24.102
21.102,2.0,4.0,8.0,5.0,10.0,24.102
21.115,4.0,12.0,64.0,30.0,50.0,29.115
21.128,2.0,4.0,8.0,5.0,10.0,26.128
21.156,4.0,12.0,64.0,30.0,50.0,29.156
21.165,2.0,4.0,10.0,8.0,15.0,31.165
21.174,2.0,4.0,10.0,10.0,5.0,33.174
21.187,2.0,16.0,20.0,25.0,35.0,25.187
21.192,2.0,4.0,8.0,5.0,10.0,21.192
21.233,2.0,4.0,8.0,5.0,10.0,23.233
21.26,4.0,8.0,20.0,14.0,30.0,26.26
21.281,4.0,8.0,20.0,14.0,30.0,22.281
21.316,2.0,4.0,8.0,5.0,10.0,23.316
21.335,1.0,2.0,5.0,2.0,8.0,35.335
21.352,2.0,4.0,10.0,10.0,5.0,29.352
21.388,4.0,8.0,20.0,14.0,30.0,25.388
21.407,2.0,4.0,8.0,5.0,10.0,22.407
21.419,4.0,8.0,25.0,15.0,40.0,26.419
21.422,2.0,4.0,10.0,8.0,15.0,31.422
21.432,2.0,16.0,20.0,25.0,35.0,21.432
21.532,4.0,8.0,16.0,25.0,28.0,32.532
21.601,4.0,8.0,25.0,15.0,40.0,26.601
21.64,2.0,4.0,10.0,10.0,5.0,36.64
21.696,2.0,4.0,8.0,5.0,10.0,24.696
21.715,4.0,8.0,25.0,15.0,40.0,23.715
21.825,1.0,2.0,5.0,2.0,8.0,25.825
21.849,2.0,4.0,8.0,5.0,10.0,23.849
21.869,4.0,8.0,20.0,14.0,30.0,29.869
21.905,4.0,4.0,16.0,20.0,25.0,34.905
21.915,4.0,16.0,64.0,30.0,54.0,29.915
21.936,4.0,8.0,16.0,25.0,28.0,29.936
21.977,2.0,4.0,8.0,5.0,10.0,23.977
22.014,2.0,4.0,10.0,10.0,5.0,30.014
22.03,4.0,8.0,20.0,14.0,30.0,27.03
22.148,1.0,2.0,5.0,2.0,8.0,29.148
22.166,2.0,4.0,8.0,5.0,10.0,24.166
22.213,4.0,8.0,32.0,20.0,45.0,29.213
22.239,2.0,16.0,20.0,25.0,35.0,29.239
22.294,2.0,4.0,10.0,10.0,5.0,35.294
22.311,2.0,16.0,20.0,25.0,35.0,30.311
22.364,2.0,4.0,8.0,5.0,10.0,27.364
22.385,4.0,8.0,32.0,20.0,45.0,31.385
22.393,4.0,8.0,16.0,25.0,28.0,35.393
22.414,2.0,4.0,8.0,5.0,10.0,26.414
22.42,2.0,4.0,10.0,8.0,15.0,31.42
22.429,2.0,4.0,10.0,10.0,5.0,28.429
22.467,4.0,8.0,32.0,20.0,45.0,30.467
22.476,4.0,12.0,64.0,30.0,50.0,28.476
22.503,4.0,8.0,32.0,20.0,45.0,26.503
22.585,4.0,4.0,16.0,20.0,25.0,31.585
22.749,4.0,8.0,25.0,15.0,40.0,25.749
22.753,2.0,16.0,20.0,25.0,35.0,28.753
22.825,4.0,16.0,64.0,30.0,54.0,24.825
22.844,4.0,8.0,16.0,25.0,28.0,32.844
22.892,4.0,8.0,25.0,15.0,40.0,24.892
22.897,1.0,2.0,5.0,2.0,8.0,30.897
22.927,2.0,4.0,10.0,10.0,5.0,30.927
22.994,2.0,4.0,8.0,5.0,10.0,25.994
22.995,2.0,4.0,10.0,8.0,15.0,36.995
22.999,4.0,8.0,25.0,15.0,40.0,27.999
23.03,1.0,2.0,5.0,2.0,8.0,28.03
23.032,4.0,8.0,32.0,20.0,45.0,32.032
23.039,2.0,4.0,10.0,8.0,15.0,33.039
23.039,4.0,12.0,64.0,30.0,50.0,31.039
23.058,4.0,8.0,16.0,25.0,28.0,32.058
23.101,4.0,4.0,16.0,20.0,25.0,31.101
23.133,4.0,8.0,25.0,15.0,40.0,27.133
23.155,2.0,4.0,8.0,5.0,10.0,23.155
23.16,1.0,2.0,5.0,2.0,8.0,35.16
23.213,2.0,16.0,20.0,25.0,35.0,24.213
23.222,4.0,12.0,64.0,30.0,50.0,31.222
23.227,4.0,8.0,16.0,25.0,28.0,32.227
23.231,1.0,2.0,5.0,2.0,8.0,38.231
23.265,2.0,4.0,10.0,10.0,5.0,31.265
23.43,4.0,8.0,20.0,14.0,30.0,28.43
23.458,2.0,4.0,8.0,5.0,10.0,28.458
23.489,1.0,2.0,5.0,2.0,8.0,36.489
23.521,4.0,16.0,64.0,30.0,54.0,34.521
23.534,2.0,4.0,10.0,10.0,5.0,32.534
23.582,2.0,16.0,20.0,25.0,35.0,29.582
23.612,4.0,8.0,25.0,15.0,40.0,28.612
23.626,4.0,8.0,16.0,25.0,28.0,32.626
23.628,4.0,4.0,16.0,20.0,25.0,30.628
23.633,2.0,16.0,20.0,25.0,35.0,30.633
23.664,2.0,4.0,10.0,10.0,5.0,31.664
23.669,2.0,16.0,20.0,25.0,35.0,25.669
23.684,4.0,8.0,16.0,25.0,28.0,31.684
23.704,2.0,4.0,8.0,5.0,10.0,27.704
23.724,2.0,4.0,10.0,10.0,5.0,35.724
23.808,1.0,2.0,5.0,2.0,8.0,27.808
23.819,4.0,8.0,25.0,15.0,40.0,23.819
23.908,4.0,4.0,16.0,20.0,25.0,34.908
23.963,2.0,4.0,10.0,10.0,5.0,34.963
23.966,4.0,16.0,64.0,30.0,54.0,27.966
24.004,1.0,2.0,5.0,2.0,8.0,29.004
24.069,2.0,16.0,20.0,25.0,35.0,29.069
24.134,1.0,2.0,5.0,2.0,8.0,31.134
24.136,1.0,2.0,5.0,2.0,8.0,34.136
24.168,4.0,8.0,20.0,14.0,30.0,33.168
24.174,4.0,8.0,32.0,20.0,45.0,31.174
24.194,2.0,4.0,8.0,5.0,10.0,26.194
24.206,2.0,4.0,8.0,5.0,10.0,27.206
24.234,1.0,2.0,5.0,2.0,8.0,34.234
24.256,4.0,8.0,16.0,25.0,28.0,33.256
24.314,4.0,8.0,32.0,20.0,45.0,31.314
24.352,4.0,8.0,32.0,20.0,45.0,41.352
24.362,4.0,8.0,25.0,15.0,40.0,25.362
24.363,4.0,8.0,32.0,20.0,45.0,35.363
24.367,4.0,16.0,64.0,30.0,54.0,33.367
24.389,4.0,8.0,25.0,15.0,40.0,27.389
24.408,4.0,8.0,20.0,14.0,30.0,30.408
24.413,1.0,2.0,5.0,2.0,8.0,31.413
24.474,2.0,4.0,10.0,8.0,15.0,28.474
24.528,4.0,4.0,16.0,20.0,25.0,29.528
24.548,2.0,4.0,8.0,5.0,10.0,27.548
24.572,2.0,16.0,20.0,25.0,35.0,31.572
24.611,4.0,8.0,16.0,25.0,28.0,33.611
24.653,4.0,8.0,32.0,20.0,45.0,28.653
24.666,4.0,8.0,20.0,14.0,30.0,30.666
24.732,2.0,4.0,10.0,8.0,15.0,35.732
24.771,1.0,2.0,5.0,2.0,8.0,34.771
24.784,2.0,4.0,8.0,5.0,10.0,26.784
24.795,4.0,8.0,20.0,14.0,30.0,26.795
24.808,2.0,4.0,10.0,8.0,15.0,33.808
24.808,2.0,16.0,20.0,25.0,35.0,26.808
24.818,2.0,4.0,10.0,8.0,15.0,33.818
24.82,2.0,16.0,20.0,25.0,35.0,33.82
24.917,4.0,8.0,20.0,14.0,30.0,34.917
25.032,4.0,8.0,16.0,25.0,28.0,39.032
25.038,4.0,8.0,20.0,14.0,30.0,32.038
25.038,4.0,12.0,64.0,30.0,50.0,32.038
25.085,2.0,16.0,20.0,25.0,35.0,28.085
25.12,4.0,8.0,16.0,25.0,28.0,35.12
25.123,2.0,16.0,20.0,25.0,35.0,33.123
25.219,2.0,4.0,10.0,8.0,15.0,37.219
25.239,4.0,8.0,25.0,15.0,40.0,30.239
25.247,4.0,16.0,64.0,30.0,54.0,36.247
25.261,1.0,2.0,5.0,2.0,8.0,31.261
25.283,4.0,8.0,32.0,20.0,45.0,32.283
25.306,2.0,16.0,20.0,25.0,35.0,30.306
25.386,4.0,8.0,16.0,25.0,28.0,37.386
25.398,2.0,16.0,20.0,25.0,35.0,31.398
25.457,4.0,8.0,20.0,14.0,30.0,35.457
25.463,4.0,8.0,16.0,25.0,28.0,39.463
25.479,2.0,16.0,20.0,25.0,35.0,30.479
25.484,4.0,8.0,20.0,14.0,30.0,30.484
25.488,4.0,8.0,25.0,15.0,40.0,28.488
25.52,4.0,8.0,16.0,25.0,28.0,35.52
25.571,2.0,4.0,10.0,8.0,15.0,38.571
25.579,2.0,4.0,8.0,5.0,10.0,25.579
25.605,2.0,4.0,8.0,5.0,10.0,26.605
25.613,2.0,4.0,10.0,8.0,15.0,34.613
25.637,2.0,16.0,20.0,25.0,35.0,32.637
25.675,2.0,16.0,20.0,25.0,35.0,34.675
25.697,4.0,8.0,25.0,15.0,40.0,27.697
25.715,2.0,16.0,20.0,25.0,35.0,31.715
25.736,2.0,4.0,10.0,8.0,15.0,32.736
25.743,2.0,4.0,8.0,5.0,10.0,28.743
25.788,4.0,8.0,16.0,25.0,28.0,35.788
25.882,1.0,2.0,5.0,2.0,8.0,35.882
25.884,4.0,8.0,16.0,25.0,28.0,35.884
25.909,4.0,8.0,20.0,14.0,30.0,34.909
25.914,1.0,2.0,5.0,2.0,8.0,36.914
25.934,4.0,16.0,64.0,30.0,54.0,35.934
25.964,4.0,4.0,16.0,20.0,25.0,35.964
25.976,4.0,8.0,16.0,25.0,28.0,38.976
25.997,1.0,2.0,5.0,2.0,8.0,33.997
26.01,1.0,2.0,5.0,2.0,8.0,39.01
26.093,1.0,2.0,5.0,2.0,8.0,33.093
26.133,2.0,4.0,10.0,8.0,15.0,34.133
26.134,4.0,16.0,64.0,30.0,54.0,38.134
26.151,4.0,4.0,16.0,20.0,25.0,33.151
26.161,2.0,4.0,8.0,5.0,10.0,28.161
26.163,4.0,8.0,16.0,25.0,28.0,38.163
26.174,4.0,12.0,64.0,30.0,50.0,39.174
26.188,4.0,8.0,20.0,14.0,30.0,29.188
26.211,4.0,8.0,25.0,15.0,40.0,29.211
26.214,1.0,2.0,5.0,2.0,8.0,37.214
26.239,2.0,4.0,10.0,10.0,5.0,38.239
26.263,4.0,8.0,25.0,15.0,40.0,28.263
26.312,1.0,2.0,5.0,2.0,8.0,37.312
26.354,2.0,4.0,8.0,5.0,10.0,28.354
26.371,2.0,4.0,8.0,5.0,10.0,28.371
26.371,4.0,8.0,25.0,15.0,40.0,32.371
26.445,2.0,4.0,8.0,5.0,10.0,30.445
26.46,2.0,4.0,8.0,5.0,10.0,34.46
26.473,2.0,4.0,8.0,5.0,10.0,29.473
26.501,4.0,8.0,25.0,15.0,40.0,28.501
26.551,4.0,8.0,20.0,14.0,30.0,33.551
26.572,4.0,8.0,20.0,14.0,30.0,28.572
26.584,4.0,8.0,20.0,14.0,30.0,30.584
26.635,2.0,4.0,10.0,8.0,15.0,35.635
26.646,4.0,8.0,25.0,15.0,40.0,30.646
26.67,4.0,8.0,16.0,25.0,28.0,37.67
26.702,4.0,16.0,64.0,30.0,54.0,32.702
26.771,4.0,8.0,25.0,15.0,40.0,28.771
26.781,4.0,8.0,25.0,15.0,40.0,31.781
26.785,1.0,2.0,5.0,2.0,8.0,38.785
26.794,4.0,8.0,32.0,20.0,45.0,29.794
26.923,2.0,16.0,20.0,25.0,35.0,32.923
26.952,4.0,8.0,32.0,20.0,45.0,33.952
26.983,2.0,4.0,8.0,5.0,10.0,27.983
26.984,4.0,8.0,25.0,15.0,40.0,29.984
26.997,4.0,8.0,25.0,15.0,40.0,30.997
27.124,2.0,16.0,20.0,25.0,35.0,29.124
27.148,2.0,4.0,10.0,8.0,15.0,43.148
27.15,2.0,16.0,20.0,25.0,35.0,35.15
27.217,4.0,8.0,16.0,25.0,28.0,38.217
27.26,4.0,8.0,32.0,20.0,45.0,37.26
27.321,2.0,4.0,8.0,5.0,10.0,31.321
27.326,4.0,16.0,64.0,30.0,54.0,39.326
27.399,4.0,8.0,25.0,15.0,40.0,30.399
27.429,2.0,4.0,8.0,5.0,10.0,29.429
27.44,4.0,4.0,16.0,20.0,25.0,41.44
27.441,4.0,8.0,25.0,15.0,40.0,29.441
27.461,4.0,16.0,64.0,30.0,54.0,33.461
27.511,2.0,16.0,20.0,25.0,35.0,30.511
27.55,2.0,4.0,10.0,10.0,5.0,33.55
27.556,4.0,8.0,20.0,14.0,30.0,32.556
27.593,4.0,12.0,64.0,30.0,50.0,36.593
27.607,4.0,8.0,16.0,25.0,28.0,37.607
27.648,4.0,4.0,16.0,20.0,25.0,32.648
27.667,2.0,4.0,10.0,8.0,15.0,31.667
27.718,4.0,4.0,16.0,20.0,25.0,34.718
27.732,4.0,8.0,32.0,20.0,45.0,34.732
27.771,4.0,12.0,64.0,30.0,50.0,33.771
27.821,2.0,4.0,10.0,8.0,15.0,36.821
27.822,2.0,16.0,20.0,25.0,35.0,32.822
27.832,4.0,8.0,25.0,15.0,40.0,29.832
27.849,2.0,4.0,10.0,8.0,15.0,33.849
27.873,4.0,8.0,16.0,25.0,28.0,33.873
27.906,4.0,8.0,25.0,15.0,40.0,27.906
27.922,1.0,2.0,5.0,2.0,8.0,39.922
27.955,2.0,4.0,8.0,5.0,10.0,28.955
27.956,4.0,8.0,16.0,25.0,28.0,37.956
28.008,4.0,4.0,16.0,20.0,25.0,40.008
28.019,2.0,4.0,8.0,5.0,10.0,30.019
28.024,4.0,16.0,64.0,30.0,54.0,41.024
28.043,4.0,8.0,25.0,15.0,40.0,29.043
28.072,4.0,8.0,16.0,25.0,28.0,42.072
28.11,4.0,8.0,20.0,14.0,30.0,31.11
28.15,2.0,4.0,8.0,5.0,10.0,30.15
28.174,1.0,2.0,5.0,2.0,8.0,32.174
28.229,2.0,16.0,20.0,25.0,35.0,31.229
28.266,4.0,8.0,25.0,15.0,40.0,35.266
28.322,2.0,4.0,8.0,5.0,10.0,29.322
28.41,4.0,12.0,64.0,30.0,50.0,35.41
28.42,4.0,16.0,64.0,30.0,54.0,32.42
28.431,4.0,8.0,20.0,14.0,30.0,34.431
28.495,2.0,4.0,10.0,10.0,5.0,37.495
28.505,4.0,8.0,20.0,14.0,30.0,34.505
28.505,2.0,4.0,8.0,5.0,10.0,29.505
28.56,1.0,2.0,5.0,2.0,8.0,38.56
28.562,4.0,8.0,20.0,14.0,30.0,37.562
28.562,2.0,4.0,10.0,10.0,5.0,38.562
28.582,4.0,8.0,25.0,15.0,40.0,32.582
28.729,2.0,4.0,10.0,8.0,15.0,37.729
28.745,2.0,4.0,10.0,10.0,5.0,34.745
28.765,4.0,4.0,16.0,20.0,25.0,35.765
28.795,4.0,4.0,16.0,20.0,25.0,31.795
28.837,1.0,2.0,5.0,2.0,8.0,37.837
28.859,4.0,8.0,16.0,25.0,28.0,41.859
28.879,4.0,12.0,64.0,30.0,50.0,35.879
28.894,4.0,4.0,16.0,20.0,25.0,35.894
28.936,4.0,8.0,25.0,15.0,40.0,29.936
28.973,4.0,8.0,16.0,25.0,28.0,40.973
28.98,2.0,4.0,10.0,8.0,15.0,34.98
28.994,4.0,8.0,32.0,20.0,45.0,35.994
29.012,4.0,12.0,64.0,30.0,50.0,44.012
29.05,4.0,8.0,20.0,14.0,30.0,36.05
29.051,2.0,16.0,20.0,25.0,35.0,35.051
29.105,4.0,16.0,64.0,30.0,54.0,33.105
29.109,4.0,4.0,16.0,20.0,25.0,39.109
29.112,2.0,4.0,8.0,5.0,10.0,32.112
29.115,2.0,4.0,8.0,5.0,10.0,33.115
29.121,4.0,12.0,64.0,30.0,50.0,39.121
29.144,1.0,2.0,5.0,2.0,8.0,42.144
29.185,4.0,16.0,64.0,30.0,54.0,40.185
29.268,4.0,8.0,20.0,14.0,30.0,36.268
29.298,4.0,4.0,16.0,20.0,25.0,35.298
29.318,4.0,12.0,64.0,30.0,50.0,44.318
29.363,4.0,8.0,20.0,14.0,30.0,32.363
29.374,2.0,4.0,10.0,10.0,5.0,43.374
29.412,2.0,4.0,8.0,5.0,10.0,33.412
29.412,2.0,16.0,20.0,25.0,35.0,35.412
29.438,2.0,16.0,20.0,25.0,35.0,36.438
29.493,4.0,8.0,32.0,20.0,45.0,42.493
29.556,4.0,16.0,64.0,30.0,54.0,40.556
29.558,2.0,4.0,10.0,8.0,15.0,39.558
29.614,4.0,8.0,25.0,15.0,40.0,31.614
29.663,4.0,8.0,32.0,20.0,45.0,37.663
29.691,2.0,4.0,10.0,10.0,5.0,41.691
29.694,4.0,4.0,16.0,20.0,25.0,36.694
29.696,4.0,12.0,64.0,30.0,50.0,41.696
29.704,2.0,4.0,10.0,8.0,15.0,37.704
29.734,4.0,8.0,25.0,15.0,40.0,32.734
29.788,2.0,4.0,10.0,10.0,5.0,40.788
29.794,2.0,4.0,10.0,10.0,5.0,37.794
29.813,4.0,16.0,64.0,30.0,54.0,38.813
29.869,4.0,4.0,16.0,20.0,25.0,35.869
